# Made in Blockbench 4.12.2
mtllib SHOTGANs.mtl

o cube
v 0.014645403785831831 0.5711701039466176 0.0907203074403376
v 0.018051997078919725 0.6854853655870927 -0.0578618788344821
v -0.0011355310976959648 0.2743949127865083 -0.1379726045750601
v 0.0022710621953919295 0.38871017442698336 -0.2865547908498798
v -0.044382311194021536 0.6882621029619402 -0.05715698165725466
v -0.04778890448710943 0.5739468413214652 0.09142520461756504
v -0.06016324607754933 0.39148691180183093 -0.28584989367265234
v -0.06356983937063723 0.2771716501613559 -0.13726770739783264
vt 0.0625 1
vt 0.125 1
vt 0.125 0.625
vt 0.0625 0.625
vt 0.0625 1
vt 0.125 1
vt 0.125 0.625
vt 0.0625 0.625
vt 0.0625 1
vt 0.125 1
vt 0.125 0.625
vt 0.0625 0.625
vt 0.0625 1
vt 0.125 1
vt 0.125 0.625
vt 0.0625 0.625
vt 0.0625 1
vt 0.125 1
vt 0.125 0.625
vt 0.0625 0.625
vt 0.0625 1
vt 0.125 1
vt 0.125 0.625
vt 0.0625 0.625
vn 0.018168497563135436 0.609681395415867 -0.7924383267990385
vn 0.9989489323670602 -0.04442779799756119 -0.011278354835639088
vn -0.018168497563135436 -0.609681395415867 0.7924383267990385
vn -0.9989489323670602 0.04442779799756119 0.011278354835639088
vn 0.0420824930227408 0.7914005097602917 0.6098477653743939
vn -0.0420824930227408 -0.7914005097602917 -0.6098477653743939
usemtl m_8edc0766-da75-e327-b68f-de0d42f00ecd
f 4/4/1 7/3/1 5/2/1 2/1/1
f 3/8/2 4/7/2 2/6/2 1/5/2
f 8/12/3 3/11/3 1/10/3 6/9/3
f 7/16/4 8/15/4 6/14/4 5/13/4
f 6/20/5 1/19/5 2/18/5 5/17/5
f 7/24/6 4/23/6 3/22/6 8/21/6
o cube
v 0.027156110502548545 0.7886884098467458 0.14304019173535612
v 0.029851234382745055 0.829629637944302 -0.039915546488768106
v 0.008453120416361402 0.5454647525939028 0.08833689462825739
v 0.011148244296557912 0.586405980691459 -0.09461884359586684
v -0.03246714419167545 0.8343886399717363 -0.039768605826989364
v -0.035162268071871956 0.7934474118741801 0.14318713239713485
v -0.05117013427786259 0.5911649827188932 -0.0944719029340881
v -0.0538652581580591 0.550223754621337 0.08848383529003612
vt 0 0.75
vt 0.0625 0.75
vt 0.0625 0.5
vt 0 0.5
vt 0 1
vt 0.1875 1
vt 0.1875 0.75
vt 0 0.75
vt 0.0625 0.75
vt 0.125 0.75
vt 0.125 0.5
vt 0.0625 0.5
vt 0.1875 1
vt 0.375 1
vt 0.375 0.75
vt 0.1875 0.75
vt 0.1875 0.5625
vt 0.125 0.5625
vt 0.125 0.75
vt 0.1875 0.75
vt 0.25 0.75
vt 0.1875 0.75
vt 0.1875 0.5625
vt 0.25 0.5625
vn 0.01437399402771472 0.2183532165203 -0.9757639371953293
vn 0.9970940571907282 -0.07614403243894767 -0.0023510505884597847
vn -0.01437399402771472 -0.2183532165203 0.9757639371953293
vn -0.9970940571907282 0.07614403243894767 0.0023510505884597847
vn 0.07481196034474857 0.9728946290113722 0.21881318842839492
vn -0.07481196034474857 -0.9728946290113722 -0.21881318842839492
usemtl m_8edc0766-da75-e327-b68f-de0d42f00ecd
f 12/28/7 15/27/7 13/26/7 10/25/7
f 11/32/8 12/31/8 10/30/8 9/29/8
f 16/36/9 11/35/9 9/34/9 14/33/9
f 15/40/10 16/39/10 14/38/10 13/37/10
f 14/44/11 9/43/11 10/42/11 13/41/11
f 15/48/12 12/47/12 11/46/12 16/45/12
o cube
v 0.029117306489078745 0.8094522022733923 0.7511419501093937
v 0.03457387398371342 0.8112904565116971 0.0011640526400536477
v 0.01228508345510826 0.6227101618707358 0.7505617656669218
v 0.01774165094974293 0.6245484161090405 0.0005838681975817994
v -0.02767211239709957 0.8169024392033957 0.00072492879907117
v -0.03312867989173424 0.8150641849650909 0.7507028262684111
v -0.044504335431070054 0.6301603988007392 0.00014474435659930784
v -0.04996090292570473 0.6283221445624345 0.7501226418259392
vt 0.0625 0.8125
vt 0.09375 0.8125
vt 0.09375 0.71875
vt 0.0625 0.71875
vt 0 1
vt 0.375 1
vt 0.375 0.90625
vt 0 0.90625
vt 0.09375 0.8125
vt 0.125 0.8125
vt 0.125 0.71875
vt 0.09375 0.71875
vt 0 0.90625
vt 0.375 0.90625
vt 0.375 0.8125
vt 0 0.8125
vt 0.03125 0.4375
vt 0 0.4375
vt 0 0.8125
vt 0.03125 0.8125
vt 0.0625 0.8125
vt 0.03125 0.8125
vt 0.03125 0.4375
vt 0.0625 0.4375
vn 0.007275423326179563 0.0024510056510729707 -0.9999705299591202
vn 0.9959357820930079 -0.08979172306717771 0.007025981455719847
vn -0.007275423326179563 -0.0024510056510729707 0.9999705299591202
vn -0.9959357820930079 0.08979172306717771 -0.007025981455719847
vn 0.08977185618117592 0.9959575488141679 0.0030943170265165408
vn -0.08977185618117592 -0.9959575488141679 -0.0030943170265165408
usemtl m_9580e0f4-6b31-8003-8a7e-4a517dd4ac6a
f 20/52/13 23/51/13 21/50/13 18/49/13
f 19/56/14 20/55/14 18/54/14 17/53/14
f 24/60/15 19/59/15 17/58/15 22/57/15
f 23/64/16 24/63/16 22/62/16 21/61/16
f 22/68/17 17/67/17 18/66/17 21/65/17
f 23/72/18 20/71/18 19/70/18 24/69/18
o cube
v 0.027298450657533856 0.8025894508606242 1.7511345825991738
v 0.03457387398371342 0.8050404565116971 0.7511640526400537
v 0.021687709646210356 0.7403421040597387 1.7509411877850165
v 0.028963132972389918 0.7427931097108116 0.7509706578258964
v -0.02767211239709957 0.8106524392033957 0.7507249287990713
v -0.03494753572327913 0.8082014335523227 1.7506954587581913
v -0.03328285340842307 0.7484050924025103 0.7505315339849139
v -0.04055827673460263 0.7459540867514373 1.750502063944034
vt 0 1
vt 0.03125 1
vt 0.03125 0.96875
vt 0 0.96875
vt 0.21875 0.875
vt 0.25 0.875
vt 0.25 0.84375
vt 0.21875 0.84375
vt 0.28125 0.84375
vt 0.3125 0.84375
vt 0.3125 0.8125
vt 0.28125 0.8125
vt 0.28125 0.875
vt 0.3125 0.875
vt 0.3125 0.84375
vt 0.28125 0.84375
vt 0.15625 0.90625
vt 0.1875 0.90625
vt 0.1875 0.875
vt 0.15625 0.875
vt 0.1875 0.84375
vt 0.21875 0.84375
vt 0.21875 0.8125
vt 0.1875 0.8125
vn 0.007275423326179563 0.0024510056510729707 -0.9999705299591202
vn 0.9959357820930079 -0.08979172306717771 0.007025981455719847
vn -0.007275423326179563 -0.0024510056510729707 0.9999705299591202
vn -0.9959357820930079 0.08979172306717771 -0.007025981455719847
vn 0.08977185618117592 0.9959575488141679 0.0030943170265165408
vn -0.08977185618117592 -0.9959575488141679 -0.0030943170265165408
usemtl none
f 28/76/19 31/75/19 29/74/19 26/73/19
usemtl m_9580e0f4-6b31-8003-8a7e-4a517dd4ac6a
f 27/80/20 28/79/20 26/78/20 25/77/20
f 32/84/21 27/83/21 25/82/21 30/81/21
f 31/88/22 32/87/22 30/86/22 29/85/22
f 30/92/23 25/91/23 26/90/23 29/89/23
f 31/96/24 28/95/24 27/94/24 32/93/24
o cube
v 0.028662592531192525 0.6842990144202002 1.5636401082318387
v 0.03457387398371342 0.6862904565116971 0.7511640526400537
v 0.023051851519869025 0.6220516676193149 1.5634467134176813
v 0.028963132972389918 0.6240431097108117 0.7509706578258964
v -0.02767211239709957 0.6919024392033957 0.7507249287990713
v -0.03358339384962047 0.6899109971118988 1.563200984390856
v -0.03328285340842307 0.6296550924025102 0.7505315339849139
v -0.03919413486094397 0.6276636503110133 1.5630075895766988
vt 0 1
vt 0.0625 1
vt 0.0625 0.96875
vt 0 0.96875
vt 0 1
vt 0.0625 1
vt 0.0625 0.96875
vt 0 0.96875
vt 0 1
vt 0.0625 1
vt 0.0625 0.96875
vt 0 0.96875
vt 0 1
vt 0.0625 1
vt 0.0625 0.96875
vt 0 0.96875
vt 0 1
vt 0.0625 1
vt 0.0625 0.96875
vt 0 0.96875
vt 0 1
vt 0.0625 1
vt 0.0625 0.96875
vt 0 0.96875
vn 0.007275423326179563 0.0024510056510729707 -0.9999705299591202
vn 0.9959357820930079 -0.08979172306717771 0.007025981455719847
vn -0.007275423326179563 -0.0024510056510729707 0.9999705299591202
vn -0.9959357820930079 0.08979172306717771 -0.007025981455719847
vn 0.08977185618117592 0.9959575488141679 0.0030943170265165408
vn -0.08977185618117592 -0.9959575488141679 -0.0030943170265165408
usemtl m_9580e0f4-6b31-8003-8a7e-4a517dd4ac6a
f 36/100/25 39/99/25 37/98/25 34/97/25
f 35/104/26 36/103/26 34/102/26 33/101/26
f 40/108/27 35/107/27 33/106/27 38/105/27
f 39/112/28 40/111/28 38/110/28 37/109/28
f 38/116/29 33/115/29 34/114/29 37/113/29
f 39/120/30 36/119/30 35/118/30 40/117/30
o cube
v 0.02975390603011946 0.7471666652678612 1.5386445287379709
v 0.030481448362737414 0.7474117658329684 1.4386474757420586
v 0.02414316501879596 0.6849193184669757 1.5384511339238136
v 0.024870707351413914 0.685164419032083 1.4384540809279014
v -0.03176453801807558 0.7530237485246671 1.4382083519010762
v -0.03249208035069353 0.7527786479595597 1.5382054048969884
v -0.03737527902939908 0.6907764017237816 1.438014957086919
v -0.03810282136201703 0.6905313011586743 1.5380120100828312
vt 0 1
vt 0.050000000000000044 1
vt 0.050000000000000044 0.96875
vt 0 0.96875
vt 0 1
vt 0.050000000000000044 1
vt 0.050000000000000044 0.96875
vt 0 0.96875
vt 0 1
vt 0.050000000000000044 1
vt 0.050000000000000044 0.96875
vt 0 0.96875
vt 0 1
vt 0.050000000000000044 1
vt 0.050000000000000044 0.96875
vt 0 0.96875
vt 0 1
vt 0.050000000000000044 1
vt 0.050000000000000044 0.96875
vt 0 0.96875
vt 0 1
vt 0.050000000000000044 1
vt 0.050000000000000044 0.96875
vt 0 0.96875
vn 0.007275423326179563 0.0024510056510729707 -0.9999705299591202
vn 0.9959357820930079 -0.08979172306717771 0.007025981455719847
vn -0.007275423326179563 -0.0024510056510729707 0.9999705299591202
vn -0.9959357820930079 0.08979172306717771 -0.007025981455719847
vn 0.08977185618117592 0.9959575488141679 0.0030943170265165408
vn -0.08977185618117592 -0.9959575488141679 -0.0030943170265165408
usemtl m_9580e0f4-6b31-8003-8a7e-4a517dd4ac6a
f 44/124/31 47/123/31 45/122/31 42/121/31
f 43/128/32 44/127/32 42/126/32 41/125/32
f 48/132/33 43/131/33 41/130/33 46/129/33
f 47/136/34 48/135/34 46/134/34 45/133/34
f 46/140/35 41/139/35 42/138/35 45/137/35
f 47/144/36 44/143/36 43/142/36 48/141/36
o cube
v 0.0983381757548739 0.7415471299421554 1.4455299943971986
v 0.1024306013758499 0.742925820620884 0.8830465712951936
v 0.08150595272090341 0.5548050895394989 1.4449498099547267
v 0.08559837834187942 0.5561837802182275 0.8824663868527217
v -0.08430735776658907 0.7597617686959798 0.8817291997722461
v -0.08839978338756507 0.7583830780172511 1.4442126228742511
v -0.10113958080055954 0.5730197282933234 0.8811490153297743
v -0.10523200642153555 0.5716410376145947 1.4436324384317794
vt 0.375 0.625
vt 0.5625 0.625
vt 0.5625 0.4375
vt 0.375 0.4375
vt 0 1
vt 0.5625 1
vt 0.5625 0.8125
vt 0 0.8125
vt 0.5625 1
vt 0.75 1
vt 0.75 0.8125
vt 0.5625 0.8125
vt 0 0.8125
vt 0.5625 0.8125
vt 0.5625 0.625
vt 0 0.625
vt 0.1875 0.0625
vt 0 0.0625
vt 0 0.625
vt 0.1875 0.625
vt 0.375 0.625
vt 0.1875 0.625
vt 0.1875 0.0625
vt 0.375 0.0625
vn 0.007275423326179563 0.0024510056510729707 -0.9999705299591202
vn 0.9959357820930079 -0.08979172306717771 0.007025981455719847
vn -0.007275423326179563 -0.0024510056510729707 0.9999705299591202
vn -0.9959357820930079 0.08979172306717771 -0.007025981455719847
vn 0.08977185618117592 0.9959575488141679 0.0030943170265165408
vn -0.08977185618117592 -0.9959575488141679 -0.0030943170265165408
usemtl m_5151e8bb-0b5c-56d1-7383-68aedcb60920
f 52/148/37 55/147/37 53/146/37 50/145/37
f 51/152/38 52/151/38 50/150/38 49/149/38
f 56/156/39 51/155/39 49/154/39 54/153/39
f 55/160/40 56/159/40 54/158/40 53/157/40
f 54/164/41 49/163/41 50/162/41 53/161/41
f 55/168/42 52/167/42 51/166/42 56/165/42
o cube
v -0.006249999999999992 0.667589562214234 0.5622790621028405
v -0.006249999999999992 0.547066885398008 0.4186457290180321
v -0.006249999999999992 0.6340751178277788 0.5904010200266265
v -0.006249999999999992 0.5135524410115527 0.4467676869418182
v -0.024999999999999994 0.547066885398008 0.4186457290180321
v -0.024999999999999994 0.667589562214234 0.5622790621028405
v -0.024999999999999994 0.5135524410115527 0.4467676869418182
v -0.024999999999999994 0.6340751178277788 0.5904010200266265
vt 0 1
vt 0.09375 1
vt 0.09375 0.978125
vt 0 0.978125
vt 0 1
vt 0.09375 1
vt 0.09375 0.978125
vt 0 0.978125
vt 0 1
vt 0.09375 1
vt 0.09375 0.978125
vt 0 0.978125
vt 0 1
vt 0.09375 1
vt 0.09375 0.978125
vt 0 0.978125
vt 0 1
vt 0.09375 1
vt 0.09375 0.978125
vt 0 0.978125
vt 0 1
vt 0.09375 1
vt 0.09375 0.978125
vt 0 0.978125
vn 0 -0.6427876096865394 -0.7660444431189781
vn 1 0 0
vn 0 0.6427876096865394 0.7660444431189781
vn -1 0 0
vn 0 0.7660444431189781 -0.6427876096865394
vn 0 -0.7660444431189781 0.6427876096865394
usemtl m_9580e0f4-6b31-8003-8a7e-4a517dd4ac6a
f 60/172/43 63/171/43 61/170/43 58/169/43
f 59/176/44 60/175/44 58/174/44 57/173/44
f 64/180/45 59/179/45 57/178/45 62/177/45
f 63/184/46 64/183/46 62/182/46 61/181/46
f 62/188/47 57/187/47 58/186/47 61/185/47
f 63/192/48 60/191/48 59/190/48 64/189/48
o cube
v -0.006249999999999992 0.5531206690141283 0.4320753545538466
v -0.006249999999999992 0.5286470079728687 0.24617944304625763
v -0.006249999999999992 0.5221380170961967 0.43615429806072326
v -0.006249999999999992 0.4976643560549371 0.25025838655313426
v -0.024999999999999994 0.5286470079728687 0.24617944304625763
v -0.024999999999999994 0.5531206690141283 0.4320753545538466
v -0.024999999999999994 0.4976643560549371 0.25025838655313426
v -0.024999999999999994 0.5221380170961967 0.43615429806072326
vt 0 1
vt 0.09374999999999975 1
vt 0.09374999999999975 0.984375
vt 0 0.984375
vt 0 1
vt 0.09374999999999975 1
vt 0.09374999999999975 0.984375
vt 0 0.984375
vt 0 1
vt 0.09374999999999975 1
vt 0.09374999999999975 0.984375
vt 0 0.984375
vt 0 1
vt 0.09374999999999975 1
vt 0.09374999999999975 0.984375
vt 0 0.984375
vt 0 1
vt 0.09374999999999975 1
vt 0.09374999999999975 0.984375
vt 0 0.984375
vt 0 1
vt 0.09374999999999975 1
vt 0.09374999999999975 0.984375
vt 0 0.984375
vn 0 -0.13052619222005157 -0.9914448613738104
vn 1 0 0
vn 0 0.13052619222005157 0.9914448613738104
vn -1 0 0
vn 0 0.9914448613738104 -0.13052619222005157
vn 0 -0.9914448613738104 0.13052619222005157
usemtl m_9580e0f4-6b31-8003-8a7e-4a517dd4ac6a
f 68/196/49 71/195/49 69/194/49 66/193/49
f 67/200/50 68/199/50 66/198/50 65/197/50
f 72/204/51 67/203/51 65/202/51 70/201/51
f 71/208/52 72/207/52 70/206/52 69/205/52
f 70/212/53 65/211/53 66/210/53 69/209/53
f 71/216/54 68/215/54 67/214/54 72/213/54
o cube
v -0.006249999999999992 0.519209079917398 0.2695031581423615
v -0.006249999999999992 0.672800088221584 0.16195757632654023
v -0.006249999999999992 0.5084545217358158 0.2541440573119428
v -0.006249999999999992 0.6620455300400019 0.1465984754961216
v -0.024999999999999994 0.672800088221584 0.16195757632654023
v -0.024999999999999994 0.519209079917398 0.2695031581423615
v -0.024999999999999994 0.6620455300400019 0.1465984754961216
v -0.024999999999999994 0.5084545217358158 0.2541440573119428
vt 0 1
vt 0.09375000000000003 1
vt 0.09375000000000003 0.990625
vt 0 0.990625
vt 0 1
vt 0.09375000000000003 1
vt 0.09375000000000003 0.990625
vt 0 0.990625
vt 0 1
vt 0.09375000000000003 1
vt 0.09375000000000003 0.990625
vt 0 0.990625
vt 0 1
vt 0.09375000000000003 1
vt 0.09375000000000003 0.990625
vt 0 0.990625
vt 0 1
vt 0.09375000000000003 1
vt 0.09375000000000003 0.990625
vt 0 0.990625
vt 0 1
vt 0.09375000000000003 1
vt 0.09375000000000003 0.990625
vt 0 0.990625
vn 0 0.8191520442889917 -0.5735764363510463
vn 1 0 0
vn 0 -0.8191520442889917 0.5735764363510463
vn -1 0 0
vn 0 0.5735764363510463 0.8191520442889917
vn 0 -0.5735764363510463 -0.8191520442889917
usemtl m_9580e0f4-6b31-8003-8a7e-4a517dd4ac6a
f 76/220/55 79/219/55 77/218/55 74/217/55
f 75/224/56 76/223/56 74/222/56 73/221/56
f 80/228/57 75/227/57 73/226/57 78/225/57
f 79/232/58 80/231/58 78/230/58 77/229/58
f 78/236/59 73/235/59 74/234/59 77/233/59
f 79/240/60 76/239/60 75/238/60 80/237/60
o cube
v -0.006249999999999992 0.5879590799173982 0.3632531581423615
v -0.006249999999999992 0.7415500882215842 0.2557075763265402
v -0.006249999999999992 0.577204521735816 0.3478940573119428
v -0.006249999999999992 0.7307955300400021 0.24034847549612154
v -0.024999999999999994 0.7415500882215842 0.2557075763265402
v -0.024999999999999994 0.5879590799173982 0.3632531581423615
v -0.024999999999999994 0.7307955300400021 0.24034847549612154
v -0.024999999999999994 0.577204521735816 0.3478940573119428
vt 0 1
vt 0.09375000000000007 1
vt 0.09375000000000007 0.990625
vt 0 0.990625
vt 0 1
vt 0.09375000000000007 1
vt 0.09375000000000007 0.990625
vt 0 0.990625
vt 0 1
vt 0.09375000000000007 1
vt 0.09375000000000007 0.990625
vt 0 0.990625
vt 0 1
vt 0.09375000000000007 1
vt 0.09375000000000007 0.990625
vt 0 0.990625
vt 0 1
vt 0.09375000000000007 1
vt 0.09375000000000007 0.990625
vt 0 0.990625
vt 0 1
vt 0.09375000000000007 1
vt 0.09375000000000007 0.990625
vt 0 0.990625
vn 0 0.8191520442889917 -0.5735764363510463
vn 1 0 0
vn 0 -0.8191520442889917 0.5735764363510463
vn -1 0 0
vn 0 0.5735764363510463 0.8191520442889917
vn 0 -0.5735764363510463 -0.8191520442889917
usemtl m_9580e0f4-6b31-8003-8a7e-4a517dd4ac6a
f 84/244/61 87/243/61 85/242/61 82/241/61
f 83/248/62 84/247/62 82/246/62 81/245/62
f 88/252/63 83/251/63 81/250/63 86/249/63
f 87/256/64 88/255/64 86/254/64 85/253/64
f 86/260/65 81/259/65 82/258/65 85/257/65
f 87/264/66 84/263/66 83/262/66 88/261/66